Amino-acid	A	C	D	E	F	G	H	I	K	L	M	N	P	Q	R	S	T	V	W	Y
Hydrophobicity	0.637	0.298	-0.924	-0.760	1.222	0.493	-0.411	1.417	-1.540	1.088	0.657	-0.801	0.123	-0.873	-2.598	-0.185	-0.051	1.109	0.832	0.267
Hydrophilicity	-0.152	-0.418	1.713	1.713	-1.217	0.115	-0.152	-0.844	1.713	-0.844	-0.578	0.221	0.115	0.221	1.713	0.274	-0.099	-0.685	-1.697	-1.111
Mass	-1.592	-0.530	-0.131	0.334	0.931	-2.057	0.632	-0.198	0.334	-0.198	0.400	-0.164	-0.696	0.300	1.263	-1.061	-0.596	-0.662	2.226	1.462
pK1	0.795	-2.327	-1.498	0.015	1.917	0.746	-1.985	0.649	0.063	0.844	0.454	-0.034	-0.961	-0.083	-0.034	0.112	-0.180	0.502	0.941	0.063
pK2	0.789	2.635	0.241	0.383	-0.489	0.241	-1.037	0.566	-1.178	0.241	-0.550	-0.793	2.270	-0.712	-0.793	-0.671	-0.732	0.525	-0.185	-0.753
pI	-0.106	-0.660	-1.698	-1.647	-0.208	-0.132	0.672	-0.142	1.602	-0.142	-0.294	2.258	-0.010	-0.340	2.258	-0.325	-0.366	-0.152	-0.223	-0.350
Rigidity	-0.642	-0.725	-0.098	-0.175	1.381	-0.527	1.089	-0.836	-0.875	-0.836	-0.836	-0.098	0.950	-0.175	0.561	-0.725	-0.788	-0.788	2.839	1.303
Flexibility	-1.770	0.411	0.125	0.976	-0.354	-1.579	-0.223	0.125	2.019	0.125	1.232	0.125	-1.395	0.976	1.541	0.411	-0.823	-0.823	-0.641	-0.464
Irreplaceability	-0.960	1.020	-0.135	-0.168	0.162	-0.828	0.426	-0.531	-0.003	-0.762	1.449	-0.069	-0.663	0.162	-0.696	-0.564	-0.828	-0.894	3.330	0.558
